xgbDirect.R - 0.26698
        eta=0.00872705408756,
        gamma=0.0970527175576,
        max_depth=7,
        min_child_weight=2.20181978021,
        subsample=0.571707896984,
        colsample_bytree=0.681358199487
gam.R - 0.615